-.0125126,-.0464312,-.0403785,0.30389465624383927E-10
-.0043565,-.0477589,-.0374074,0.12324582805692510E-10
-.0011698,-.0430339,.0117282,0.30389465624383927E-10
-.0083150,-.0464349,.0236096,0.93784364438640515E-11
-.0090427,-.0467813,.0248196,0.73532581957747625E-11
.0065185,-.0393743,-.0010562,0.50340420446341050E-11
-.0116398,-.0480175,.0291382,0.31749525364991165E-11
-.0082562,-.0464069,.0235118,0.29905690523995937E-11
-.0285119,-.0299551,.0106767,0.30389465624383927E-10
.0055589,-.0481196,-.0100616,0.71483836822111295E-11
-.0070964,-.0413726,-.0023586,0.47487079945775818E-11
.0051575,-.0479056,-.0098173,0.40547176354240454E-11
-.0131525,-.0381438,.0013277,0.31791182202703748E-11
-.0095437,-.0400678,-.0008689,0.31606461921457493E-11
-.0099952,-.0398271,-.0005941,0.31606461921457493E-11
-.0094041,-.0401423,-.0009539,0.31606461921457493E-11
-.0120386,-.0387377,.0006497,0.29762627080462262E-11
-.0134841,-.0379670,.0015295,0.21130750031912277E-11
-.0088997,-.0404112,-.0012609,0.16141485138358719E-11
-.0090513,-.0403303,-.0011686,0.14297650297363492E-11
-.0090226,-.0403456,-.0011861,0.12453815456368260E-11
-.0089780,-.0403694,-.0012133,0.10609980615373030E-11
-.0093395,-.0401767,-.0009932,0.10090212899147060E-11
-.0093402,-.0401763,-.0009928,0.82463780581518295E-12
-.0093865,-.0401517,-.0009646,0.64025432171566009E-12
-.0093325,-.0401804,-.0009975,0.45587083761613712E-12
-.0093287,-.0401825,-.0009998,0.27148735351661416E-12
-.0093330,-.0401801,-.0009972,0.87103869417091214E-13
-.0093332,-.0401801,-.0009971,0.65056610042538164E-13
-.0093336,-.0401798,-.0009968,0.63476254200178898E-13
-.0093312,-.0401811,-.0009983,0.45004226075553374E-13
-.0093330,-.0401802,-.0009972,0.26532197950927851E-13
.0389649,-.0217707,-.0093624,0.30389465624383927E-10
.0405070,-.0238344,-.0159597,0.18248434331917096E-10
.0280665,-.0221335,.0331094,0.30389465624383927E-10
.0338665,-.0337752,.0258554,0.68186806140172279E-11
.0323090,-.0306491,.0278033,0.36627787676020762E-11
.0346442,-.0353364,.0248827,0.29567669206614768E-11
.0153280,-.0164888,.0414259,0.30389465624383927E-10
.0195975,-.0347139,.0410521,0.54826755160638734E-11
.0180650,-.0281722,.0411862,0.54606282566893205E-11
.0196573,-.0349691,.0410468,0.40867670632795021E-11
.0175511,-.0259783,.0412312,0.40867670632795021E-11
.0179052,-.0274901,.0412002,0.32095870629225655E-11
.0178545,-.0272734,.0412047,0.22238238733955268E-11
.0187002,-.0308835,.0411306,0.20394403892960037E-11
.0185306,-.0301596,.0411455,0.17815185756327932E-11
.0182969,-.0291619,.0411659,0.17594713162582401E-11
.0179504,-.0276828,.0411963,0.16510445429964098E-11
.0179534,-.0276958,.0411960,0.14666610588968866E-11
.0179454,-.0276615,.0411967,0.12822775747973639E-11
.0178382,-.0272040,.0412061,0.10978940906978409E-11
.0177728,-.0269246,.0412118,0.91351060659831792E-12
.0177660,-.0268957,.0412124,0.72912712249879495E-12
.0178104,-.0270854,.0412085,0.54474363839927199E-12
.0177785,-.0269489,.0412113,0.36036015429974907E-12
.0177780,-.0269471,.0412114,0.17597667020022613E-12
.0177738,-.0269290,.0412117,0.15392941082567307E-12
.0177736,-.0269281,.0412118,0.13188215145112003E-12
.0177738,-.0269292,.0412117,0.10983489207656697E-12
.0177738,-.0269289,.0412117,0.91026066805209151E-13
.0177735,-.0269278,.0412118,0.72554038680583621E-13
.0177737,-.0269287,.0412117,0.50506779306030577E-13
.0177736,-.0269283,.0412117,0.32034751181405059E-13
.0177736,-.0269282,.0412118,0.31801583925974996E-13
-.0349385,.0128236,.0150810,0.34508753803648245E-10
-.0406996,.0236444,-.0180585,0.12809717277935711E-10
-.0303292,.0041663,.0415949,0.45028369002752711E-11
-.0329918,.0091673,.0262788,0.27844235360255231E-11
-.0321685,.0076208,.0310150,0.27844235360255231E-11
-.0381174,.0187946,-.0032054,0.25587652728259473E-11
-.0340476,.0111503,.0202057,0.23743817887264246E-11
-.0342207,.0114755,.0192099,0.21899983046269018E-11
-.0340257,.0111091,.0203317,0.20056148205273786E-11
-.0336709,.0104427,.0223727,0.16139546601317212E-11
-.0336721,.0104451,.0223655,0.14295711760321984E-11
-.0336862,.0104716,.0222843,0.12451876919326755E-11
-.0336114,.0103310,.0227148,0.10608042078331525E-11
-.0338423,.0107647,.0213866,0.87642072373362953E-12
-.0338644,.0108062,.0212596,0.69203723963410656E-12
-.0338327,.0107468,.0214416,0.50765375553458370E-12
-.0338407,.0107617,.0213959,0.32327027143506073E-12
-.0338393,.0107590,.0214041,0.13888678733553779E-12
-.0338414,.0107630,.0213917,0.12041475921091227E-12
-.0338413,.0107628,.0213923,0.10160593393955443E-12
-.0338416,.0107633,.0213908,0.79558674565001393E-13
-.0338420,.0107641,.0213886,0.60749849293643566E-13
-.0338419,.0107640,.0213887,0.41941024022285738E-13
