  -4.7800422742053358E-002   5.3465406853903302E-002   3.7890470818390858E-002   74766.752953306146     
  -4.7734151289018367E-002   5.3167574123561122E-002   3.8262207643878818E-002   67649.752953306146     
  -4.7642667823631399E-002   5.2756435254114921E-002   3.8775366348723139E-002   67649.752953306146     
  -4.7674124765476569E-002   5.2897806937530635E-002   3.8598914752061925E-002   60532.752953306146     
  -4.7694324689675084E-002   5.2988588085388866E-002   3.8485607206312340E-002   53415.752953306146     
  -4.7686990804852974E-002   5.2955628630894452E-002   3.8526745206724486E-002   46298.752953306146     
  -4.7818838786869634E-002   5.3548171010392193E-002   3.7787169597057586E-002   39181.752953306146     
  -4.7819108728496020E-002   5.3549384163989085E-002   3.7785655412010101E-002   32064.752953306146     
  -4.7833158157271578E-002   5.3612524166815972E-002   3.7706847874016534E-002   24947.752953306146     
  -4.7811097617735492E-002   5.3513381165992024E-002   3.7830592179598069E-002   17830.752953306146     
  -4.7816521465411710E-002   5.3537756659336258E-002   3.7800168161038789E-002   17732.752953306146     
  -4.7816775404368718E-002   5.3538897894807071E-002   3.7798743739852557E-002   10615.752953306146     
  -4.7818096787967723E-002   5.3544836368570645E-002   3.7791331695573284E-002   3498.7529533061461     
  -4.7818647007345713E-002   5.3547309127686786E-002   3.7788245346994410E-002   2647.7529533061461     
  -4.7818431728276475E-002   5.3546341634897077E-002   3.7789452913059823E-002   1796.7529533061461     
   7.0282803964508908E-002   6.7953293682327873E-002   6.6102136771274161E-002   1173000.0000000000     
   5.7856554496632941E-002   4.9850447571864097E-002   9.4732015515203355E-002   303897.07220990921     
   5.8689782382260185E-002   5.1064313125380567E-002   9.2812271879503916E-002   216313.63623211984     
   5.9299044785710284E-002   5.1951900611778727E-002   9.1408541109483182E-002   117568.01729410100     
   5.9070744666427817E-002   5.1619307745600140E-002   9.1934540909276261E-002   90935.348345386534     
   5.9358435014097738E-002   5.2038421662860372E-002   9.1271706979305547E-002   83818.348345386534     
   5.8497901265249327E-002   5.0784776299588420E-002   9.3254362884313713E-002   76701.348345386534     
   5.9401051752917121E-002   5.2100506708438410E-002   9.1173518699083522E-002   69584.348345386534     
   5.9444208985441359E-002   5.2163379157680601E-002   9.1074085130066026E-002   62467.348345386534     
   5.8913985549913041E-002   5.1390937458168244E-002   9.2295711390315269E-002   62467.348345386534     
   5.9713458255550342E-002   5.2555627688883694E-002   9.0453739145942694E-002   51043.736798192360     
   5.9584072899641495E-002   5.2367136125679482E-002   9.0751840923191482E-002   43926.736798192360     
   5.9544227666585334E-002   5.2309088673460208E-002   9.0843643698749019E-002   36809.736798192360     
   5.9528154870057151E-002   5.2285673453697674E-002   9.0880675163220043E-002   29692.736798192360     
   5.9539039282071493E-002   5.2301530115533401E-002   9.0855597653149517E-002   29594.736798192360     
   5.9619530891024293E-002   5.2418792143293515E-002   9.0670146281826250E-002   22477.736798192360     
   5.9555992287080285E-002   5.2326227643261093E-002   9.0816538202508221E-002   15360.736798192360     
   5.9545308080409060E-002   5.2310662645175254E-002   9.0841154442690988E-002   8243.7367981923599     
   5.9545355466702851E-002   5.2310731678618251E-002   9.0841045265432879E-002   1126.7367981923599     
   6.4686038613770086E-003  -6.8055032572092680E-002  -4.3618515247321452E-002   1173000.0000000000     
   2.3892027501105635E-004  -7.2153091177384748E-002  -6.8891157052039270E-002   327993.83665010723     
   6.3541608465352538E-004  -7.1892265239415179E-002  -6.7282648941595885E-002   327993.83665010723     
  -2.9958779652507080E-003  -7.4281031157177754E-002  -8.2014118451810239E-002   311012.33969480841     
   3.8046919283356239E-003  -6.9807427708955289E-002  -5.4425499446392384E-002   189083.67710106904     
   5.3894812829424440E-004  -7.1955724536057197E-002  -6.7674001098234626E-002   138146.08854283104     
   1.9122931887249981E-004  -7.2184463610749733E-002  -6.9084630193187571E-002   123890.07307584204     
   3.5133583233701646E-004  -7.2079141106617658E-002  -6.8435108510537981E-002   123890.07307584204     
   6.2045128171299316E-004  -7.1902109501746761E-002  -6.7343358301734491E-002   116773.07307584204     
   1.9061380582557636E-004  -7.2184868512299494E-002  -6.9087127212585975E-002   84124.735050158284     
  -4.4403297288199916E-004  -7.2602356761380965E-002  -7.1661768522763805E-002   77007.735050158284     
   6.4162495659060006E-004  -7.1888180871289870E-002  -6.7257460728695234E-002   69890.735050158284     
  -5.3258842789818983E-005  -7.2345294702875360E-002  -7.0076472178342092E-002   62773.735050158284     
   7.3451475587328716E-004  -7.1827075385591146E-002  -6.6880624474969397E-002   55656.735050158284     
   3.3581070846637343E-004  -7.2089353963594144E-002  -6.8498090986151242E-002   48539.735050158284     
   5.8935835174693941E-004  -7.1922563293250710E-002  -6.7469496406631344E-002   41422.735050158284     
   7.6487239595569119E-004  -7.1807105288161421E-002  -6.6757469301323299E-002   34305.735050158284     
   7.7031202838294562E-004  -7.1803526947115837E-002  -6.6735401746851650E-002   27188.735050158284     
   7.4326692206041665E-004  -7.1821317967985437E-002  -6.6845118600875442E-002   20071.735050158284     
   7.5961402587566525E-004  -7.1810564389808804E-002  -6.6778801508917282E-002   12954.735050158284     
   7.5931790268248390E-004  -7.1810759187856454E-002  -6.6780002824407478E-002   5837.7350501582841     
   7.6046580815462546E-004  -7.1810004063806734E-002  -6.6775345990168475E-002   5124.7350501582841     
   7.6119226776402639E-004  -7.1809526178531757E-002  -6.6772398881661366E-002   4273.7350501582841     
   7.6014225470151639E-004  -7.1810216906239968E-002  -6.6776658585007642E-002   3560.7350501582841     
   7.6134220840793178E-004  -7.1809427543418514E-002  -6.6771790600978598E-002   2834.7350501582841     
   7.6130396595626957E-004  -7.1809452700363638E-002  -6.6771945743333616E-002   1983.7350501582841     
   7.6117552049245415E-004  -7.1809537195351381E-002  -6.6772466822157830E-002   1270.7350501582841     
  -1.5464172787043765E-002  -4.9871957197963064E-002  -6.6311371859160737E-002   1173000.0000000000     
  -1.7663331589393500E-002  -5.2909699995474201E-002  -6.3156047271336488E-002   271264.03489348799     
  -1.7350917938724002E-002  -5.2478156663473163E-002  -6.3604294334020692E-002   139227.15105239672     
  -1.4241235343373045E-002  -4.8182688825279804E-002  -6.8066026675930771E-002   106880.60005322867     
  -5.5951482064304871E-002   6.9095881665657610E-002  -2.8167672705902730E-002   1332000.0000000000     
  -3.9940607424196632E-002   3.4960262638681228E-003  -4.7724581331085224E-002   325970.81136273034     
  -4.2403965441529544E-002   1.3588912091296293E-002  -4.4715647169836635E-002   143644.81432686574     
  -6.7713215833544227E-002   6.4519759724901316E-002  -9.5004465287088113E-002   1173000.0000000000     
  -1.9741493713909708E-002   6.2637805886277376E-002  -9.7725749270538231E-002   238952.88176310452     
  -3.7956259401955031E-002   6.3352379945569318E-002  -9.6692483255914868E-002   156464.57537296118     
  -3.2377974877432450E-002   6.3133541148252828E-002  -9.7008921683825661E-002   136848.50166402585     
  -6.4054644977144151E-002   6.4376232222388294E-002  -9.5212004433775616E-002   102631.44986354608     
  -2.1089556016823639E-002   6.2690691021802553E-002  -9.7649277962202380E-002   95514.449863546077     
  -3.8682551328377453E-002   6.3380872728786147E-002  -9.6651283013368783E-002   78880.323238943005     
  -3.4875594262701981E-002   6.3231523963583239E-002  -9.6867239640122116E-002   71763.323238943005     
  -3.5039308679832966E-002   6.3237946559273867E-002  -9.6857952639332626E-002   64646.323238943005     
  -3.7317338963573810E-002   6.3327314788046138E-002  -9.6728727190442162E-002   63795.323238943005     
  -3.4899123738462601E-002   6.3232447036286735E-002  -9.6865904887424123E-002   56678.323238943005     
  -3.7017326000645216E-002   6.3315545134544599E-002  -9.6745745976401301E-002   49561.323238943005     
  -3.4887325401152490E-002   6.3231984181813111E-002  -9.6866574169762451E-002   42444.323238943005     
  -3.4858918161499372E-002   6.3230869752075189E-002  -9.6868185622569769E-002   35327.323238943005     
  -3.4746950413768275E-002   6.3226477203229034E-002  -9.6874537198562899E-002   28210.323238943005     
  -3.4880488619125349E-002   6.3231715971550667E-002  -9.6866961998771012E-002   21093.323238943005     
  -3.4795839937681268E-002   6.3228395162875484E-002  -9.6871763850588197E-002   19796.751840973724     
  -3.4837726466494946E-002   6.3230038391640361E-002  -9.6869387760363662E-002   18945.751840973724     
  -3.4865218718872104E-002   6.3231116925985334E-002  -9.6867828211888912E-002   11828.751840973724     
  -3.4864137703979683E-002   6.3231074517248770E-002  -9.6867889534442753E-002   4711.7518409737240     
  -3.4864759062597825E-002   6.3231098893447593E-002  -9.6867854286734709E-002   3998.7518409737240     
  -3.4862959744545452E-002   6.3231028305330977E-002  -9.6867956356353660E-002   3272.7518409737240     
  -3.4866235269481252E-002   6.3231156805756930E-002  -9.6867770546189849E-002   2559.7518409737240     
  -3.4865652217075514E-002   6.3231133932329320E-002  -9.6867803620907689E-002   1846.7518409737240     
  -3.4865828268644740E-002   6.3231140838917455E-002  -9.6867793634059299E-002   1120.7518409737240     
  -3.4865463827193438E-002   6.3231126541703223E-002  -9.6867814307669511E-002   1111.7518409737240     
   3.9304434489259396E-002  -2.6378936489078623E-002  -2.0358164647290261E-002   1173000.0000000000     
   3.9187993790952100E-002  -2.6531738504384256E-002  -2.1377568227066091E-002   946895.79736519384     
   3.8876511331509739E-002  -2.6940488608317353E-002  -2.4104504245218112E-002   353593.41877425852     
   3.8362355147931460E-002  -2.7615202021880704E-002  -2.8605788261227432E-002   151099.01455802112     
   3.8523905564234143E-002  -2.7403203729673906E-002  -2.7191462556493025E-002   137001.74270273169     
   3.8455047742269585E-002  -2.7493564008499904E-002  -2.7794292247714840E-002   129884.74270273169     
   3.8466979697649041E-002  -2.7477906022460467E-002  -2.7689831537633536E-002   88116.786436612863     
   3.8739028637359507E-002  -2.7120903472202518E-002  -2.5308124221835836E-002   80999.786436612863     
   3.8771805823515179E-002  -2.7077890847120027E-002  -2.5021169734377388E-002   80148.786436612863     
   3.8332109876073397E-002  -2.7654892083522065E-002  -2.8870576594272633E-002   64737.580283639189     
   3.8462462394854888E-002  -2.7483833958145552E-002  -2.7729379176098693E-002   64737.580283639189     
   3.8472524499946426E-002  -2.7470629726647846E-002  -2.7641288447517492E-002   57620.580283639189     
   3.8425998311597015E-002  -2.7531684799724770E-002  -2.8048611347896785E-002   50503.580283639189     
   3.8439154097951650E-002  -2.7514420813016152E-002  -2.7933436362692795E-002   43386.580283639189     
   3.8401039431236419E-002  -2.7564437671137528E-002  -2.8267118900296023E-002   36269.580283639189     
   3.8400183474541792E-002  -2.7565560920223591E-002  -2.8274612545828252E-002   29152.580283639189     
   3.8398718949253112E-002  -2.7567482777605321E-002  -2.8287434027867181E-002   28301.580283639189     
   3.8405811530835048E-002  -2.7558175372418014E-002  -2.8225340591812784E-002   21184.580283639189     
   3.8403794696473162E-002  -2.7560822010230340E-002  -2.8242997375035554E-002   20333.580283639189     
   3.8404257930154499E-002  -2.7560214121055037E-002  -2.8238941902336639E-002   13216.580283639189     
   3.8409207080780813E-002  -2.7553719483005407E-002  -2.8195613564919765E-002   6099.5802836391886     
   3.8402839531955842E-002  -2.7562075447089756E-002  -2.8251359555462017E-002   5248.5802836391886     
   3.8404009268277042E-002  -2.7560540433388757E-002  -2.8241118862898672E-002   4522.5802836391886     
   3.8403070286446454E-002  -2.7561772634141033E-002  -2.8249339368730097E-002   3671.5802836391886     
   3.8402641775709040E-002  -2.7562334957325352E-002  -2.8253090852412694E-002   2958.5802836391886     
   3.8402604620419174E-002  -2.7562383715218883E-002  -2.8253416135892155E-002   2232.5802836391886     
   3.8402677197976465E-002  -2.7562288473630837E-002  -2.8252780741027723E-002   1506.5802836391886     
  -1.6029772053652545E-002   5.0990548709765049E-003  -2.6302453894078558E-002   1332000.0000000000     
  -1.7344067879576354E-002   1.2068928358203857E-002  -5.9332042065723463E-002   726897.84373525123     
  -1.5212507119091143E-002   7.6499773780690987E-004  -5.7637565298716952E-003   252487.54665934737     
  -1.5772869895174360E-002   3.7366709176302271E-003  -1.9846241884901063E-002   252487.54665934737     
  -1.5602652197264108E-002   2.8339853910383564E-003  -1.5568498358211228E-002   131239.96695117705     
  -1.5608100478051773E-002   2.8628782986044512E-003  -1.5705419184642060E-002   124122.96695117705     
  -1.5609636691939042E-002   2.8710250310465661E-003  -1.5744025798951594E-002   87112.402182462291     
  -1.5548016728207140E-002   2.5442467342373081E-003  -1.4195453563484091E-002   79995.402182462291     
  -1.5516849610521497E-002   2.3789636503640313E-003  -1.3412192260093421E-002   63866.733388765388     
  -1.5558566821627685E-002   2.6001951858486048E-003  -1.4460588119936056E-002   63866.733388765388     
  -1.5509648001731732E-002   2.3407726273240873E-003  -1.3231208521267345E-002   56694.918694467407     
  -1.5518736646496124E-002   2.3889708357705212E-003  -1.3459615389557589E-002   55843.918694467407     
  -1.5524596995496026E-002   2.4200489920840795E-003  -1.3606891908428693E-002   48726.918694467407     
  -1.5473103847136689E-002   2.1469744509918301E-003  -1.2312816822422225E-002   48726.918694467407     
  -1.5492027959650887E-002   2.2473313626401627E-003  -1.2788398978683314E-002   47875.918694467407     
  -1.5508971954030414E-002   2.3371874626628383E-003  -1.3214218756316001E-002   40758.918694467407     
  -1.5525601227735037E-002   2.4253745599810850E-003  -1.3632129283933508E-002   33641.918694467407     
  -1.5525374127934236E-002   2.4241702216203100E-003  -1.3626422035423387E-002   26524.918694467407     
  -1.5524372735141446E-002   2.4188597116581718E-003  -1.3601256018084295E-002   19407.918694467407     
  -1.5524969942195998E-002   2.4220267746083942E-003  -1.3616264437555784E-002   12290.918694467407     
  -1.5524329894879979E-002   2.4186325244475869E-003  -1.3600179398828975E-002   5173.9186944674075     
  -1.5524730874703265E-002   2.4207589700955940E-003  -1.3610256428799717E-002   4460.9186944674075     
  -1.5524586201769764E-002   2.4199917516173472E-003  -1.3606620651131643E-002   3747.9186944674075     
  -1.5524310772678063E-002   2.4185311170433089E-003  -1.3599698838484948E-002   3021.9186944674075     
  -1.5524988640263797E-002   2.4221259327769254E-003  -1.3616734338978880E-002   2308.9186944674075     
  -1.5524969036529133E-002   2.4220219717448763E-003  -1.3616241677228164E-002   1595.9186944674075     
  -5.2940059297083709E-002  -1.3685409955389300E-002   7.8169845864109175E-002   1173000.0000000000     
  -5.2473661492938396E-002  -2.9210306102401065E-002   5.8271572336728167E-002   312029.94328788324     
  -5.2887061781124990E-002  -1.5449528319575230E-002   7.5908773750463870E-002   154512.44463794460     
  -5.2869310157940379E-002  -1.6040423267905907E-002   7.5151423157165734E-002   154512.44463794460     
  -5.2845131383129504E-002  -1.6845257605813367E-002   7.4119866253450545E-002   147395.44463794460     
   9.2008649599014860E-003   2.1948495604260085E-002  -8.8704353135292444E-002   1173000.0000000000     
  -1.0092133205199558E-002   1.4142679935706289E-002  -8.8077759812180842E-002   212964.93503813498     
   2.0781572488104303E-003   1.9066696571368696E-002  -8.8473023558828870E-002   143818.57812202588     
   4.0684306331894215E-003   1.9871947628542046E-002  -8.8537663175914133E-002   143818.57812202588     
   3.3503367687584959E-003   1.9581411741351293E-002  -8.8514341097252772E-002   136701.57812202588     
   4.5537214754467620E-003   2.0068292998394945E-002  -8.8553424334388481E-002   119860.39133746996     
   3.0712115803966777E-003   1.9468479591036578E-002  -8.8505275736968023E-002   112743.39133746996     
   6.4738146222727997E-003   2.0845149609395350E-002  -8.8615784654710802E-002   105626.39133746996     
   7.1250638786239089E-003   2.1108640623381712E-002  -8.8636935770375611E-002   76220.862988835550     
   3.9368854484156937E-003   1.9818725342630728E-002  -8.8533390883253266E-002   69103.862988835550     
   3.6741571630553730E-003   1.9712427267604339E-002  -8.8524858057614120E-002   61986.862988835550     
   2.8814573753754230E-003   1.9391706331947783E-002  -8.8499112945841354E-002   61135.862988835550     
   2.5270189068137823E-003   1.9248302941362216E-002  -8.8487601579077410E-002   54018.862988835550     
   2.4209085717768809E-003   1.9205371422438174E-002  -8.8484155353307919E-002   46901.862988835550     
   2.2997172698522896E-003   1.9156338247015670E-002  -8.8480219331547316E-002   39784.862988835550     
   2.3000361748845965E-003   1.9156467273819939E-002  -8.8480229688867734E-002   32667.862988835550     
   2.2528044248751999E-003   1.9137357629423483E-002  -8.8478695707526867E-002   25550.862988835550     
   2.3462049940101890E-003   1.9175146863619572E-002  -8.8481729148596727E-002   18433.862988835550     
   2.3078112548456930E-003   1.9159613018222402E-002  -8.8480482206032177E-002   11316.862988835550     
   2.3071286935135316E-003   1.9159336858555781E-002  -8.8480460037970499E-002   4199.8629888355499     
   2.3066648014006151E-003   1.9159149170966092E-002  -8.8480444971794775E-002   3348.8629888355499     
   2.3055529999992290E-003   1.9158699343690674E-002  -8.8480408862978061E-002   2497.8629888355499     
   2.3058363158038049E-003   1.9158813971335769E-002  -8.8480418064440167E-002   1784.8629888355499     
   2.3059177925506174E-003   1.9158846936272657E-002  -8.8480420710622218E-002   1071.8629888355499     
   1.9055173789829870E-002   5.9264476563263340E-003  -2.2377983523527746E-003   1332000.0000000000     
   3.1506635577870964E-002  -4.7448316230976626E-004  -9.6075669211831694E-003   282738.98028285627     
   3.1896250996096456E-002  -6.7477300621633283E-004  -9.8381724124940537E-003   275621.98028285627     
   2.9542689894746368E-002   5.3512363432461419E-004  -8.4451471657546896E-003   149541.32857416870     
   2.8646455199409740E-002   9.9585156970815073E-004  -7.9146839638894323E-003   132033.73625884354     
   2.8414404654259321E-002   1.1151419398847027E-003  -7.7773379363192388E-003   87538.799578567952     
   2.8147462536535221E-002   1.2523690427918713E-003  -7.6193402921559171E-003   80421.799578567952     
   3.0318337154617400E-002   1.3638615798528312E-004  -8.9042371018284716E-003   73304.799578567952     
   2.6704686355333771E-002   1.9940579046985297E-003  -6.7653902312652444E-003   61146.177539346470     
   2.6697713622805146E-002   1.9976423817095299E-003  -6.7612632118113783E-003   54029.177539346470     
   2.6429609984917290E-002   2.1354665880202357E-003  -6.6025780873392682E-003   46912.177539346470     
   2.7956533030039681E-002   1.3505202946784611E-003  -7.5063329762450606E-003   39795.177539346470     
   2.7936651833638641E-002   1.3607406338579948E-003  -7.4945656979253485E-003   32678.177539346470     
   2.7935609102219018E-002   1.3612766714568754E-003  -7.4939485262733073E-003   25561.177539346470     
   2.7837347769807431E-002   1.4117899366156432E-003  -7.4357896296340514E-003   18444.177539346470     
   2.7925409545839205E-002   1.3665199638412812E-003  -7.4879116150010786E-003   11327.177539346470     
   2.7922727590744628E-002   1.3678986781891483E-003  -7.4863242199871022E-003   11229.177539346470     
   2.7926654517135472E-002   1.3658799606613950E-003  -7.4886484883485210E-003   4112.1775393464704     
   2.7926618608247734E-002   1.3658984203659735E-003  -7.4886272346036441E-003   3399.1775393464704     
   2.7927536999472445E-002   1.3654263024095532E-003  -7.4891708118074276E-003   2673.1775393464704     
   2.7927151038557269E-002   1.3656247135807706E-003  -7.4889423693426096E-003   1947.1775393464704     
   2.7927211414383885E-002   1.3655936761414835E-003  -7.4889781045740927E-003   1234.1775393464704     
   2.7927353356184226E-002   1.3655207080306127E-003  -7.4890621170568489E-003   1136.1775393464704     
   5.0785978665614885E-002  -8.3771835848706275E-002  -8.9279327706191083E-002   1332000.0000000000     
   5.4820213229018207E-002   5.9282901739310272E-002   2.6288967170177212E-002   1173000.0000000000     
   5.4732476863651389E-002   5.9264646979022083E-002   2.5152356520122970E-002   555842.54158479057     
   5.4401255950022015E-002   5.9195731901956164E-002   2.0861442297977449E-002   192201.80957144112     
   5.4490588614183634E-002   5.9214318794214092E-002   2.2018732744866747E-002   120734.90193212213     
   5.4444234910194303E-002   5.9204674267098606E-002   2.1418227886893008E-002   113617.90193212213     
   5.4560541119084864E-002   5.9228873377176257E-002   2.2924956312896833E-002   106481.57749198363     
   5.4418513814297687E-002   5.9199322638523851E-002   2.1085015183073694E-002   83920.971732901584     
   5.4559023494968460E-002   5.9228557614557913E-002   2.2905295733999298E-002   76803.971732901584     
   5.4671975542618392E-002   5.9252058845151272E-002   2.4368571534946693E-002   61101.272329019033     
   5.4647384053551414E-002   5.9246942246849413E-002   2.4049992707827959E-002   53984.272329019033     
   5.4737627982228546E-002   5.9265718740251862E-002   2.5219088441487684E-002   46867.272329019033     
   5.4591905019057162E-002   5.9235399068926803E-002   2.3331270645462449E-002   39750.272329019033     
   5.4592547548206624E-002   5.9235532755973819E-002   2.3339594508335042E-002   32633.272329019033     
   5.4573813318251480E-002   5.9231634841174344E-002   2.3096895540825280E-002   25516.272329019033     
   5.4543279066673618E-002   5.9225281769209236E-002   2.2701329171170823E-002   24665.272329019033     
   5.4603358665939176E-002   5.9237782158052761E-002   2.3479650817967067E-002   17548.272329019033     
   5.4594229346386462E-002   5.9235882677269251E-002   2.3361381936096066E-002   10431.272329019033     
   5.4594280075693509E-002   5.9235893232200902E-002   2.3362039126195260E-002   3314.2723290190334     
   5.4594090944730479E-002   5.9235853880896812E-002   2.3359588964669418E-002   2463.2723290190334     
   5.4594107090916104E-002   5.9235857240333312E-002   2.3359798135934584E-002   1750.2723290190334     
  -6.5970726557944989E-002  -2.2762692877571919E-002  -6.9534324554701835E-002   1173000.0000000000     
  -3.2549778999863804E-002  -6.6533712334275880E-002  -9.4693111069858171E-002   323187.27446363971     
   6.5211063676336986E-002   2.8984751872778207E-002   2.3596472710857769E-002   1332000.0000000000     
   5.5929816899781284E-002   3.1392528227728901E-002   7.3533657932979002E-003   717484.38647563488     
   6.8454559538133175E-002   2.8143311834448410E-002   2.9272913747087813E-002   480849.32955233037     
   7.3596164023751992E-002   2.6809457234412058E-002   3.8271234058823420E-002   232586.68566417167     
   7.0132013719930913E-002   2.7708140287706649E-002   3.2208625756499548E-002   160357.07914903705     
   6.9300245693986878E-002   2.7923920713966929E-002   3.0752948809072193E-002   159506.07914903705     
   6.8531243123604133E-002   2.8123418286915960E-002   2.9407117664687860E-002   138688.99159088449     
   6.2796212618423344E-002   2.9611221722999116E-002   1.9370242672157055E-002   90705.731756387584     
   6.9020631310810154E-002   2.7996459341214475E-002   3.0263595769446129E-002   68164.600469950106     
   6.8827814566996270E-002   2.8046480594583836E-002   2.9926147249795077E-002   61047.600469950106     
   6.8876662749634082E-002   2.8033808213171165E-002   3.0011636438092362E-002   53930.600469950106     
   6.8863948130902380E-002   2.8037106687943080E-002   2.9989384588050338E-002   46813.600469950106     
   6.8673907320954783E-002   2.8086407797986112E-002   2.9656794229341650E-002   39696.600469950106     
   6.8669123543781047E-002   2.8087648823663328E-002   2.9648422142490236E-002   32579.600469950106     
   6.8491436040342052E-002   2.8133745191926192E-002   2.9337451301421291E-002   25462.600469950106     
   6.8677771148724642E-002   2.8085405429083762E-002   2.9663556313045254E-002   18345.600469950106     
   6.8685590081825787E-002   2.8083377011706753E-002   2.9677240225282543E-002   17494.600469950106     
   6.8681116855636104E-002   2.8084537473066003E-002   2.9669411633605740E-002   10377.600469950106     
   6.8677450779402127E-002   2.8085488540512450E-002   2.9662995634799755E-002   3260.6004699501063     
   6.8676550374064227E-002   2.8085722127091352E-002   2.9661419835715328E-002   2547.6004699501063     
   6.8676968184229276E-002   2.8085613737188517E-002   2.9662151045147179E-002   1834.6004699501063     
