   0.0000000000000000      ;   161728635478190.38     
   478487087213.58099      ;   167948967611966.94     
   956974174427.16199      ;   167948967611966.94     
   1435461261640.7429      ;   167948967611966.94     
   1913948348854.3240      ;   167948967611966.94     
   2392435436067.9048      ;   167948967611966.94     
   2870922523281.4858      ;   167948967611966.94     
   3349409610495.0669      ;   167948967611966.94     
   3827896697708.6479      ;   167948967611966.94     
   4306383784922.2290      ;   167948967611966.94     
   4784870872135.8096      ;   167948967611966.94     
   5263357959349.3906      ;   167948967611966.94     
   5741845046562.9717      ;   167948967611966.94     
   6220332133776.5527      ;   167948967611966.94     
   6698819220990.1338      ;   167948967611966.94     
   7177306308203.7148      ;   167948967611966.94     
   7655793395417.2959      ;   167948967611966.94     
   8134280482630.8770      ;   167948967611966.94     
   8612767569844.4580      ;   167948967611966.94     
   9091254657058.0391      ;   167948967611966.94     
   9569741744271.6191      ;   167948967611966.94     
   10048228831485.201      ;   167948967611966.94     
   10526715918698.781      ;   167948967611966.94     
   11005203005912.363      ;   167948967611966.94     
   11483690093125.943      ;   167948967611966.94     
   11962177180339.525      ;   167948967611966.94     
   12440664267553.105      ;   167948967611966.94     
   12919151354766.688      ;   167948967611966.94     
   13397638441980.268      ;   167948967611966.94     
   13876125529193.850      ;   167948967611966.94     
   14354612616407.430      ;   167948967611966.94     
   14833099703621.012      ;   167948967611966.94     
   15311586790834.592      ;   167948967611966.94     
   15790073878048.172      ;   167948967611966.94     
   16268560965261.754      ;   167948967611966.94     
   16747048052475.334      ;   167948967611966.94     
   17225535139688.916      ;   167948967611966.94     
   17704022226902.496      ;   167948967611966.94     
   18182509314116.078      ;   167948967611966.94     
   18660996401329.660      ;   167948967611966.94     
   19139483488543.238      ;   167948967611966.94     
   19617970575756.820      ;   167948967611966.94     
   20096457662970.402      ;   167948967611966.94     
   20574944750183.984      ;   167948967611966.94     
   21053431837397.562      ;   167948967611966.94     
   21531918924611.145      ;   167948967611966.94     
   22010406011824.727      ;   167948967611966.94     
   22488893099038.309      ;   167948967611966.94     
   22967380186251.887      ;   167948967611966.94     
   23445867273465.469      ;   167948967611966.94     
   23924354360679.051      ;   167948967611966.94     
   24402841447892.629      ;   167948967611966.94     
   24881328535106.211      ;   167948967611966.94     
   25359815622319.793      ;   167948967611966.94     
   25838302709533.375      ;   167948967611966.94     
   26316789796746.953      ;   167948967611966.94     
   26795276883960.535      ;   167948967611966.94     
   27273763971174.117      ;   167948967611966.94     
   27752251058387.699      ;   167948967611966.94     
   28230738145601.277      ;   167948967611966.94     
   28709225232814.859      ;   167948967611966.94     
   29187712320028.441      ;   167948967611966.94     
   29666199407242.023      ;   167948967611966.94     
   30144686494455.602      ;   167948967611966.94     
   30623173581669.184      ;   167948967611966.94     
   31101660668882.766      ;   167948967611966.94     
   31580147756096.344      ;   167948967611966.94     
   32058634843309.926      ;   167948967611966.94     
   32537121930523.508      ;   167948967611966.94     
   33015609017737.090      ;   167948967611966.94     
   33494096104950.668      ;   167948967611966.94     
   33972583192164.250      ;   167948967611966.94     
   34451070279377.832      ;   167948967611966.94     
   34929557366591.414      ;   167948967611966.94     
   35408044453804.992      ;   167948967611966.94     
   35886531541018.578      ;   167948967611966.94     
   36365018628232.156      ;   167948967611966.94     
   36843505715445.734      ;   167948967611966.94     
   37321992802659.320      ;   167948967611966.94     
   37800479889872.898      ;   167948967611966.94     
   38278966977086.477      ;   167948967611966.94     
   38757454064300.062      ;   167948967611966.94     
   39235941151513.641      ;   167948967611966.94     
   39714428238727.219      ;   167948967611966.94     
   40192915325940.805      ;   167948967611966.94     
   40671402413154.383      ;   167948967611966.94     
   41149889500367.969      ;   167948967611966.94     
   41628376587581.547      ;   167948967611966.94     
   42106863674795.125      ;   167948967611966.94     
   42585350762008.711      ;   167948967611966.94     
   43063837849222.289      ;   167948967611966.94     
   43542324936435.867      ;   167948967611966.94     
   44020812023649.453      ;   167948967611966.94     
   44499299110863.031      ;   167948967611966.94     
   44977786198076.617      ;   167948967611966.94     
   45456273285290.195      ;   167948967611966.94     
   45934760372503.773      ;   167948967611966.94     
   46413247459717.359      ;   167948967611966.94     
   46891734546930.938      ;   167948967611966.94     
   47370221634144.516      ;   167948967611966.94     
   47848708721358.102      ;   167948967611966.94     
   48327195808571.680      ;   167948967611966.94     
   48805682895785.258      ;   167948967611966.94     
   49284169982998.844      ;   167948967611966.94     
   49762657070212.422      ;   167948967611966.94     
   50241144157426.008      ;   167948967611966.94     
   50719631244639.586      ;   167948967611966.94     
   51198118331853.164      ;   167948967611966.94     
   51676605419066.750      ;   167948967611966.94     
   52155092506280.328      ;   167948967611966.94     
   52633579593493.906      ;   167948967611966.94     
   53112066680707.492      ;   167948967611966.94     
   53590553767921.070      ;   167948967611966.94     
   54069040855134.648      ;   167948967611966.94     
   54547527942348.234      ;   167948967611966.94     
   55026015029561.812      ;   167948967611966.94     
   55504502116775.398      ;   167948967611966.94     
   55982989203988.977      ;   167948967611966.94     
   56461476291202.555      ;   167948967611966.94     
   56939963378416.141      ;   167948967611966.94     
   57418450465629.719      ;   167948967611966.94     
   57896937552843.297      ;   167948967611966.94     
   58375424640056.883      ;   167948967611966.94     
   58853911727270.461      ;   167948967611966.94     
   59332398814484.047      ;   167948967611966.94     
   59810885901697.625      ;   167948967611966.94     
   60289372988911.203      ;   167948967611966.94     
   60767860076124.789      ;   167948967611966.94     
   61246347163338.367      ;   167948967611966.94     
   61724834250551.945      ;   167948967611966.94     
   62203321337765.531      ;   167948967611966.94     
   62681808424979.109      ;   167948967611966.94     
   63160295512192.688      ;   167948967611966.94     
   63638782599406.273      ;   167948967611966.94     
   64117269686619.852      ;   167948967611966.94     
   64595756773833.438      ;   167948967611966.94     
   65074243861047.016      ;   167948967611966.94     
   65552730948260.594      ;   167948967611966.94     
   66031218035474.180      ;   167948967611966.94     
   66509705122687.758      ;   167948967611966.94     
   66988192209901.336      ;   167948967611966.94     
   67466679297114.922      ;   167948967611966.94     
   67945166384328.500      ;   167948967611966.94     
   68423653471542.086      ;   167948967611966.94     
   68902140558755.664      ;   167948967611966.94     
   69380627645969.242      ;   167948967611966.94     
   69859114733182.828      ;   167948967611966.94     
   70337601820396.406      ;   167948967611966.94     
   70816088907609.984      ;   167948967611966.94     
   71294575994823.562      ;   167948967611966.94     
   71773063082037.156      ;   167948967611966.94     
   72251550169250.734      ;   167948967611966.94     
   72730037256464.312      ;   167948967611966.94     
   73208524343677.891      ;   167948967611966.94     
   73687011430891.469      ;   167948967611966.94     
   74165498518105.047      ;   167948967611966.94     
   74643985605318.641      ;   167948967611966.94     
   75122472692532.219      ;   167948967611966.94     
   75600959779745.797      ;   167948967611966.94     
   76079446866959.375      ;   167948967611966.94     
   76557933954172.953      ;   167948967611966.94     
   77036421041386.547      ;   167948967611966.94     
   77514908128600.125      ;   167948967611966.94     
   77993395215813.703      ;   167948967611966.94     
   78471882303027.281      ;   167948967611966.94     
   78950369390240.859      ;   167948967611966.94     
   79428856477454.438      ;   167948967611966.94     
   79907343564668.031      ;   167948967611966.94     
   80385830651881.609      ;   167948967611966.94     
   80864317739095.188      ;   167948967611966.94     
   81342804826308.766      ;   167948967611966.94     
   81821291913522.344      ;   167948967611966.94     
   82299779000735.938      ;   167948967611966.94     
   82778266087949.516      ;   167948967611966.94     
   83256753175163.094      ;   167948967611966.94     
   83735240262376.672      ;   167948967611966.94     
   84213727349590.250      ;   167948967611966.94     
   84692214436803.828      ;   167948967611966.94     
   85170701524017.422      ;   167948967611966.94     
   85649188611231.000      ;   167948967611966.94     
   86127675698444.578      ;   167948967611966.94     
   86606162785658.156      ;   167948967611966.94     
   87084649872871.734      ;   167948967611966.94     
   87563136960085.328      ;   167948967611966.94     
   88041624047298.906      ;   167948967611966.94     
   88520111134512.484      ;   167948967611966.94     
   88998598221726.062      ;   167948967611966.94     
   89477085308939.641      ;   167948967611966.94     
   89955572396153.234      ;   167948967611966.94     
   90434059483366.812      ;   167948967611966.94     
   90912546570580.391      ;   167948967611966.94     
   91391033657793.969      ;   167948967611966.94     
   91869520745007.547      ;   167948967611966.94     
   92348007832221.125      ;   167948967611966.94     
   92826494919434.719      ;   167948967611966.94     
   93304982006648.297      ;   167948967611966.94     
   93783469093861.875      ;   167948967611966.94     
   94261956181075.453      ;   167948967611966.94     
   94740443268289.031      ;   167948967611966.94     
   95218930355502.625      ;   167948967611966.94     
   95697417442716.203      ;   167948967611966.94     
   96175904529929.781      ;   167948967611966.94     
   96654391617143.359      ;   167948967611966.94     
   97132878704356.938      ;   167948967611966.94     
   97611365791570.516      ;   167948967611966.94     
   98089852878784.109      ;   167948967611966.94     
   98568339965997.688      ;   167948967611966.94     
   99046827053211.266      ;   167948967611966.94     
   99525314140424.844      ;   167948967611966.94     
   100003801227638.42      ;   167948967611966.94     
   100482288314852.02      ;   167948967611966.94     
   100960775402065.59      ;   167948967611966.94     
   101439262489279.17      ;   167948967611966.94     
   101917749576492.75      ;   167948967611966.94     
   102396236663706.33      ;   167948967611966.94     
   102874723750919.91      ;   167948967611966.94     
   103353210838133.50      ;   167948967611966.94     
   103831697925347.08      ;   167948967611966.94     
   104310185012560.66      ;   167948967611966.94     
   104788672099774.23      ;   167948967611966.94     
   105267159186987.81      ;   167948967611966.94     
   105745646274201.41      ;   167948967611966.94     
   106224133361414.98      ;   167948967611966.94     
   106702620448628.56      ;   167948967611966.94     
   107181107535842.14      ;   167948967611966.94     
   107659594623055.72      ;   167948967611966.94     
   108138081710269.30      ;   167948967611966.94     
   108616568797482.89      ;   167948967611966.94     
   109095055884696.47      ;   167948967611966.94     
   109573542971910.05      ;   167948967611966.94     
   110052030059123.62      ;   167948967611966.94     
   110530517146337.20      ;   167948967611966.94     
   111009004233550.80      ;   167948967611966.94     
   111487491320764.38      ;   167948967611966.94     
   111965978407977.95      ;   167948967611966.94     
   112444465495191.53      ;   167948967611966.94     
   112922952582405.11      ;   167948967611966.94     
   113401439669618.70      ;   167948967611966.94     
   113879926756832.28      ;   167948967611966.94     
   114358413844045.86      ;   167948967611966.94     
   114836900931259.44      ;   167948967611966.94     
   115315388018473.02      ;   167948967611966.94     
   115793875105686.59      ;   167948967611966.94     
   116272362192900.19      ;   167948967611966.94     
   116750849280113.77      ;   167948967611966.94     
   117229336367327.34      ;   167948967611966.94     
   117707823454540.92      ;   167948967611966.94     
   118186310541754.50      ;   167948967611966.94     
   118664797628968.09      ;   167948967611966.94     
   119143284716181.67      ;   167948967611966.94     
   119621771803395.25      ;   167948967611966.94     
   120100258890608.83      ;   167948967611966.94     
   120578745977822.41      ;   167948967611966.94     
   121057233065035.98      ;   167948967611966.94     
   121535720152249.58      ;   167948967611966.94     
   122014207239463.16      ;   167948967611966.94     
   122492694326676.73      ;   167948967611966.94     
   122971181413890.31      ;   167948967611966.94     
   123449668501103.89      ;   167948967611966.94     
   123928155588317.48      ;   167948967611966.94     
   124406642675531.06      ;   167948967611966.94     
   124885129762744.64      ;   167948967611966.94     
   125363616849958.22      ;   167948967611966.94     
   125842103937171.80      ;   167948967611966.94     
   126320591024385.38      ;   167948967611966.94     
   126799078111598.97      ;   167948967611966.94     
   127277565198812.55      ;   167948967611966.94     
   127756052286026.12      ;   167948967611966.94     
   128234539373239.70      ;   167948967611966.94     
   128713026460453.28      ;   167948967611966.94     
   129191513547666.88      ;   167948967611966.94     
   129670000634880.45      ;   167948967611966.94     
   130148487722094.03      ;   167948967611966.94     
   130626974809307.61      ;   167948967611966.94     
   131105461896521.19      ;   167948967611966.94     
   131583948983734.77      ;   167948967611966.94     
   132062436070948.36      ;   167948967611966.94     
   132540923158161.94      ;   167948967611966.94     
   133019410245375.52      ;   167948967611966.94     
   133497897332589.09      ;   167948967611966.94     
   133976384419802.67      ;   167948967611966.94     
   134454871507016.27      ;   167948967611966.94     
   134933358594229.84      ;   167948967611966.94     
   135411845681443.42      ;   167948967611966.94     
   135890332768657.00      ;   167948967611966.94     
   136368819855870.58      ;   167948967611966.94     
   136847306943084.17      ;   167948967611966.94     
   137325794030297.75      ;   167948967611966.94     
   137804281117511.33      ;   167948967611966.94     
   138282768204724.91      ;   167948967611966.94     
   138761255291938.48      ;   167948967611966.94     
   139239742379152.06      ;   167948967611966.94     
   139718229466365.66      ;   167948967611966.94     
   140196716553579.23      ;   167948967611966.94     
   140675203640792.81      ;   167948967611966.94     
   141153690728006.41      ;   167948967611966.94     
   141632177815219.97      ;   167948967611966.94     
   142110664902433.56      ;   167948967611966.94     
   142589151989647.12      ;   167948967611966.94     
   143067639076860.72      ;   167948967611966.94     
   143546126164074.31      ;   167948967611966.94     
   144024613251287.88      ;   167948967611966.94     
   144503100338501.47      ;   167948967611966.94     
   144981587425715.03      ;   167948967611966.94     
   145460074512928.62      ;   167948967611966.94     
   145938561600142.19      ;   167948967611966.94     
   146417048687355.78      ;   167948967611966.94     
   146895535774569.38      ;   167948967611966.94     
   147374022861782.94      ;   167948967611966.94     
   147852509948996.53      ;   167948967611966.94     
   148330997036210.09      ;   167948967611966.94     
   148809484123423.69      ;   167948967611966.94     
   149287971210637.28      ;   167948967611966.94     
   149766458297850.84      ;   167948967611966.94     
   150244945385064.44      ;   167948967611966.94     
   150723432472278.00      ;   167948967611966.94     
   151201919559491.59      ;   167948967611966.94     
   151680406646705.19      ;   167948967611966.94     
   152158893733918.75      ;   167948967611966.94     
   152637380821132.34      ;   167948967611966.94     
   153115867908345.91      ;   167948967611966.94     
   153594354995559.50      ;   167948967611966.94     
   154072842082773.09      ;   167948967611966.94     
   154551329169986.66      ;   167948967611966.94     
   155029816257200.25      ;   167948967611966.94     
   155508303344413.81      ;   167948967611966.94     
   155986790431627.41      ;   167948967611966.94     
   156465277518841.00      ;   167948967611966.94     
   156943764606054.56      ;   167948967611966.94     
   157422251693268.16      ;   167948967611966.94     
   157900738780481.72      ;   167948967611966.94     
   158379225867695.31      ;   167948967611966.94     
   158857712954908.88      ;   167948967611966.94     
   159336200042122.47      ;   167948967611966.94     
   159814687129336.06      ;   167948967611966.94     
   160293174216549.62      ;   167948967611966.94     
   160771661303763.22      ;   167948967611966.94     
   161250148390976.78      ;   167948967611966.94     
   161728635478190.38      ;   167948967611966.94     
   162207122565403.97      ;   167948967611966.94     
   162685609652617.53      ;   167948967611966.94     
   163164096739831.12      ;   167948967611966.94     
   163642583827044.69      ;   167948967611966.94     
   164121070914258.28      ;   167948967611966.94     
   164599558001471.88      ;   167948967611966.94     
   165078045088685.44      ;   167948967611966.94     
   165556532175899.03      ;   167948967611966.94     
   166035019263112.59      ;   167948967611966.94     
   166513506350326.19      ;   167948967611966.94     
   166991993437539.78      ;   167948967611966.94     
   167470480524753.34      ;   167948967611966.94     
   167948967611966.94      ;   167948967611966.94     
   168427454699180.50      ;   167948967611966.94     
   168905941786394.09      ;   167948967611966.94     
   169384428873607.66      ;   167948967611966.94     
   169862915960821.25      ;   167948967611966.94     
   170341403048034.84      ;   167948967611966.94     
   170819890135248.41      ;   167948967611966.94     
   171298377222462.00      ;   167948967611966.94     
   171776864309675.56      ;   167948967611966.94     
   172255351396889.16      ;   167948967611966.94     
   172733838484102.75      ;   167948967611966.94     
   173212325571316.31      ;   167948967611966.94     
   173690812658529.91      ;   167948967611966.94     
   174169299745743.47      ;   167948967611966.94     
   174647786832957.06      ;   167948967611966.94     
   175126273920170.66      ;   167948967611966.94     
   175604761007384.22      ;   167948967611966.94     
   176083248094597.81      ;   167948967611966.94     
   176561735181811.38      ;   167948967611966.94     
   177040222269024.97      ;   167948967611966.94     
   177518709356238.56      ;   167948967611966.94     
   177997196443452.12      ;   167948967611966.94     
   178475683530665.72      ;   167948967611966.94     
   178954170617879.28      ;   167948967611966.94     
   179432657705092.88      ;   167948967611966.94     
   179911144792306.47      ;   167948967611966.94     
   180389631879520.03      ;   167948967611966.94     
   180868118966733.62      ;   167948967611966.94     
   181346606053947.19      ;   167948967611966.94     
   181825093141160.78      ;   167948967611966.94     
   182303580228374.34      ;   167948967611966.94     
   182782067315587.94      ;   167948967611966.94     
   183260554402801.53      ;   167948967611966.94     
   183739041490015.09      ;   167948967611966.94     
   184217528577228.69      ;   167948967611966.94     
   184696015664442.25      ;   167948967611966.94     
   185174502751655.84      ;   167948967611966.94     
   185652989838869.44      ;   167948967611966.94     
   186131476926083.00      ;   167948967611966.94     
   186609964013296.59      ;   167948967611966.94     
   187088451100510.16      ;   167948967611966.94     
   187566938187723.75      ;   167948967611966.94     
   188045425274937.34      ;   167948967611966.94     
   188523912362150.91      ;   167948967611966.94     
   189002399449364.50      ;   167948967611966.94     
   189480886536578.06      ;   167948967611966.94     
   189959373623791.66      ;   167948967611966.94     
   190437860711005.25      ;   167948967611966.94     
   190916347798218.81      ;   167948967611966.94     
   191394834885432.41      ;   167948967611966.94     
   191873321972645.97      ;   167948967611966.94     
   192351809059859.56      ;   167948967611966.94     
   192830296147073.12      ;   167948967611966.94     
   193308783234286.72      ;   167948967611966.94     
   193787270321500.31      ;   167948967611966.94     
   194265757408713.88      ;   167948967611966.94     
   194744244495927.47      ;   167948967611966.94     
   195222731583141.03      ;   167948967611966.94     
   195701218670354.62      ;   167948967611966.94     
   196179705757568.22      ;   167948967611966.94     
   196658192844781.78      ;   167948967611966.94     
   197136679931995.38      ;   167948967611966.94     
   197615167019208.94      ;   167948967611966.94     
   198093654106422.53      ;   167948967611966.94     
   198572141193636.12      ;   167948967611966.94     
   199050628280849.69      ;   167948967611966.94     
   199529115368063.28      ;   167948967611966.94     
   200007602455276.84      ;   167948967611966.94     
   200486089542490.44      ;   167948967611966.94     
   200964576629704.03      ;   167948967611966.94     
   201443063716917.59      ;   167948967611966.94     
   201921550804131.19      ;   167948967611966.94     
   202400037891344.75      ;   167948967611966.94     
   202878524978558.34      ;   167948967611966.94     
   203357012065771.94      ;   167948967611966.94     
   203835499152985.50      ;   167948967611966.94     
   204313986240199.09      ;   167948967611966.94     
   204792473327412.66      ;   167948967611966.94     
   205270960414626.25      ;   167948967611966.94     
   205749447501839.81      ;   167948967611966.94     
   206227934589053.41      ;   167948967611966.94     
   206706421676267.00      ;   167948967611966.94     
   207184908763480.56      ;   167948967611966.94     
   207663395850694.16      ;   167948967611966.94     
   208141882937907.72      ;   167948967611966.94     
   208620370025121.31      ;   167948967611966.94     
   209098857112334.91      ;   167948967611966.94     
   209577344199548.47      ;   167948967611966.94     
   210055831286762.06      ;   167948967611966.94     
   210534318373975.62      ;   167948967611966.94     
   211012805461189.22      ;   167948967611966.94     
   211491292548402.81      ;   167948967611966.94     
   211969779635616.38      ;   167948967611966.94     
   212448266722829.97      ;   167948967611966.94     
   212926753810043.53      ;   167948967611966.94     
   213405240897257.12      ;   167948967611966.94     
   213883727984470.72      ;   167948967611966.94     
   214362215071684.28      ;   167948967611966.94     
   214840702158897.88      ;   167948967611966.94     
   215319189246111.44      ;   167948967611966.94     
   215797676333325.03      ;   167948967611966.94     
   216276163420538.59      ;   167948967611966.94     
   216754650507752.19      ;   167948967611966.94     
   217233137594965.78      ;   167948967611966.94     
   217711624682179.34      ;   167948967611966.94     
   218190111769392.94      ;   167948967611966.94     
   218668598856606.50      ;   167948967611966.94     
   219147085943820.09      ;   167948967611966.94     
   219625573031033.69      ;   167948967611966.94     
   220104060118247.25      ;   167948967611966.94     
   220582547205460.84      ;   167948967611966.94     
   221061034292674.41      ;   167948967611966.94     
   221539521379888.00      ;   167948967611966.94     
   222018008467101.59      ;   167948967611966.94     
   222496495554315.16      ;   167948967611966.94     
   222974982641528.75      ;   167948967611966.94     
   223453469728742.31      ;   167948967611966.94     
   223931956815955.91      ;   167948967611966.94     
   224410443903169.50      ;   167948967611966.94     
   224888930990383.06      ;   167948967611966.94     
   225367418077596.66      ;   167948967611966.94     
   225845905164810.22      ;   167948967611966.94     
   226324392252023.81      ;   167948967611966.94     
   226802879339237.41      ;   167948967611966.94     
   227281366426450.97      ;   167948967611966.94     
   227759853513664.56      ;   167948967611966.94     
   228238340600878.12      ;   167948967611966.94     
   228716827688091.72      ;   167948967611966.94     
   229195314775305.28      ;   167948967611966.94     
   229673801862518.88      ;   167948967611966.94     
   230152288949732.47      ;   167948967611966.94     
   230630776036946.03      ;   167948967611966.94     
   231109263124159.62      ;   167948967611966.94     
   231587750211373.19      ;   167948967611966.94     
   232066237298586.78      ;   167948967611966.94     
   232544724385800.38      ;   167948967611966.94     
   233023211473013.94      ;   167948967611966.94     
   233501698560227.53      ;   167948967611966.94     
   233980185647441.09      ;   167948967611966.94     
   234458672734654.69      ;   167948967611966.94     
   234937159821868.28      ;   167948967611966.94     
   235415646909081.84      ;   167948967611966.94     
   235894133996295.44      ;   167948967611966.94     
   236372621083509.00      ;   167948967611966.94     
   236851108170722.59      ;   167948967611966.94     
   237329595257936.19      ;   167948967611966.94     
   237808082345149.75      ;   167948967611966.94     
   238286569432363.34      ;   167948967611966.94     
   238765056519576.91      ;   167948967611966.94     
   239243543606790.50      ;   167948967611966.94     
   239722030694004.06      ;   167948967611966.94     
   240200517781217.66      ;   167948967611966.94     
   240679004868431.25      ;   167948967611966.94     
   241157491955644.81      ;   167948967611966.94     
   241635979042858.41      ;   167948967611966.94     
   242114466130071.97      ;   167948967611966.94     
   242592953217285.56      ;   167948967611966.94     
   243071440304499.16      ;   167948967611966.94     
   243549927391712.72      ;   167948967611966.94     
   244028414478926.31      ;   167948967611966.94     
   244506901566139.88      ;   167948967611966.94     
   244985388653353.47      ;   167948967611966.94     
   245463875740567.06      ;   167948967611966.94     
   245942362827780.62      ;   167948967611966.94     
   246420849914994.22      ;   167948967611966.94     
   246899337002207.78      ;   167948967611966.94     
   247377824089421.38      ;   167948967611966.94     
   247856311176634.97      ;   167948967611966.94     
   248334798263848.53      ;   167948967611966.94     
   248813285351062.12      ;   167948967611966.94     
   249291772438275.69      ;   167948967611966.94     
   249770259525489.28      ;   167948967611966.94     
   250248746612702.88      ;   167948967611966.94     
   250727233699916.44      ;   167948967611966.94     
   251205720787130.03      ;   167948967611966.94     
   251684207874343.59      ;   167948967611966.94     
   252162694961557.19      ;   167948967611966.94     
   252641182048770.75      ;   167948967611966.94     
   253119669135984.34      ;   167948967611966.94     
   253598156223197.94      ;   167948967611966.94     
   254076643310411.50      ;   167948967611966.94     
   254555130397625.09      ;   167948967611966.94     
   255033617484838.66      ;   167948967611966.94     
   255512104572052.25      ;   167948967611966.94     
   255990591659265.84      ;   167948967611966.94     
   256469078746479.41      ;   167948967611966.94     
   256947565833693.00      ;   167948967611966.94     
   257426052920906.56      ;   167948967611966.94     
   257904540008120.16      ;   167948967611966.94     
   258383027095333.75      ;   167948967611966.94     
   258861514182547.31      ;   167948967611966.94     
   259340001269760.91      ;   167948967611966.94     
   259818488356974.47      ;   167948967611966.94     
   260296975444188.06      ;   167948967611966.94     
   260775462531401.66      ;   167948967611966.94     
   261253949618615.22      ;   167948967611966.94     
   261732436705828.81      ;   167948967611966.94     
   262210923793042.38      ;   167948967611966.94     
   262689410880255.97      ;   167948967611966.94     
   263167897967469.53      ;   167948967611966.94     
   263646385054683.12      ;   167948967611966.94     
   264124872141896.72      ;   167948967611966.94     
   264603359229110.28      ;   167948967611966.94     
   265081846316323.88      ;   167948967611966.94     
   265560333403537.44      ;   167948967611966.94     
   266038820490751.03      ;   167948967611966.94     
   266517307577964.62      ;   167948967611966.94     
   266995794665178.19      ;   167948967611966.94     
   267474281752391.78      ;   167948967611966.94     
   267952768839605.34      ;   167948967611966.94     
   268431255926818.94      ;   167948967611966.94     
   268909743014032.53      ;   167948967611966.94     
   269388230101246.09      ;   167948967611966.94     
   269866717188459.69      ;   167948967611966.94     
   270345204275673.25      ;   167948967611966.94     
   270823691362886.84      ;   167948967611966.94     
   271302178450100.44      ;   167948967611966.94     
   271780665537314.00      ;   167948967611966.94     
   272259152624527.59      ;   167948967611966.94     
   272737639711741.16      ;   167948967611966.94     
   273216126798954.75      ;   167948967611966.94     
   273694613886168.34      ;   167948967611966.94     
   274173100973381.91      ;   167948967611966.94     
   274651588060595.50      ;   167948967611966.94     
   275130075147809.06      ;   167948967611966.94     
   275608562235022.66      ;   167948967611966.94     
   276087049322236.22      ;   167948967611966.94     
   276565536409449.81      ;   167948967611966.94     
   277044023496663.41      ;   167948967611966.94     
   277522510583876.97      ;   167948967611966.94     
   278000997671090.56      ;   167948967611966.94     
   278479484758304.12      ;   167948967611966.94     
   278957971845517.72      ;   167948967611966.94     
   279436458932731.31      ;   167948967611966.94     
   279914946019944.88      ;   167948967611966.94     
   280393433107158.47      ;   167948967611966.94     
   280871920194372.03      ;   167948967611966.94     
   281350407281585.62      ;   167948967611966.94     
   281828894368799.19      ;   167948967611966.94     
   282307381456012.81      ;   167948967611966.94     
   282785868543226.38      ;   167948967611966.94     
   283264355630439.94      ;   167948967611966.94     
   283742842717653.50      ;   167948967611966.94     
   284221329804867.12      ;   167948967611966.94     
   284699816892080.69      ;   167948967611966.94     
   285178303979294.25      ;   167948967611966.94     
   285656791066507.88      ;   167948967611966.94     
   286135278153721.44      ;   167948967611966.94     
   286613765240935.00      ;   167948967611966.94     
   287092252328148.62      ;   167948967611966.94     
   287570739415362.19      ;   167948967611966.94     
   288049226502575.75      ;   167948967611966.94     
   288527713589789.31      ;   167948967611966.94     
   289006200677002.94      ;   167948967611966.94     
   289484687764216.50      ;   167948967611966.94     
   289963174851430.06      ;   167948967611966.94     
   290441661938643.69      ;   167948967611966.94     
   290920149025857.25      ;   167948967611966.94     
   291398636113070.81      ;   167948967611966.94     
   291877123200284.38      ;   167948967611966.94     
   292355610287498.00      ;   167948967611966.94     
   292834097374711.56      ;   167948967611966.94     
   293312584461925.12      ;   167948967611966.94     
   293791071549138.75      ;   167948967611966.94     
   294269558636352.31      ;   167948967611966.94     
   294748045723565.88      ;   167948967611966.94     
   295226532810779.50      ;   167948967611966.94     
   295705019897993.06      ;   167948967611966.94     
   296183506985206.62      ;   167948967611966.94     
   296661994072420.19      ;   167948967611966.94     
   297140481159633.81      ;   167948967611966.94     
   297618968246847.38      ;   167948967611966.94     
   298097455334060.94      ;   167948967611966.94     
   298575942421274.56      ;   167948967611966.94     
   299054429508488.12      ;   167948967611966.94     
   299532916595701.69      ;   167948967611966.94     
   300011403682915.31      ;   167948967611966.94     
   300489890770128.88      ;   167948967611966.94     
   300968377857342.44      ;   167948967611966.94     
   301446864944556.00      ;   167948967611966.94     
   301925352031769.62      ;   167948967611966.94     
   302403839118983.19      ;   167948967611966.94     
   302882326206196.75      ;   167948967611966.94     
   303360813293410.38      ;   167948967611966.94     
   303839300380623.94      ;   167948967611966.94     
   304317787467837.50      ;   167948967611966.94     
   304796274555051.06      ;   167948967611966.94     
   305274761642264.69      ;   167948967611966.94     
   305753248729478.25      ;   167948967611966.94     
   306231735816691.81      ;   167948967611966.94     
   306710222903905.44      ;   167948967611966.94     
   307188709991119.00      ;   167948967611966.94     
   307667197078332.56      ;   167948967611966.94     
   308145684165546.19      ;   167948967611966.94     
   308624171252759.75      ;   167948967611966.94     
   309102658339973.31      ;   167948967611966.94     
   309581145427186.88      ;   167948967611966.94     
   310059632514400.50      ;   167948967611966.94     
   310538119601614.06      ;   167948967611966.94     
   311016606688827.62      ;   167948967611966.94     
   311495093776041.25      ;   167948967611966.94     
   311973580863254.81      ;   167948967611966.94     
   312452067950468.38      ;   167948967611966.94     
   312930555037682.00      ;   167948967611966.94     
   313409042124895.56      ;   167948967611966.94     
   313887529212109.12      ;   167948967611966.94     
   314366016299322.69      ;   167948967611966.94     
   314844503386536.31      ;   167948967611966.94     
   315322990473749.88      ;   167948967611966.94     
   315801477560963.44      ;   167948967611966.94     
   316279964648177.06      ;   167948967611966.94     
   316758451735390.62      ;   167948967611966.94     
   317236938822604.19      ;   167948967611966.94     
   317715425909817.75      ;   167948967611966.94     
   318193912997031.38      ;   167948967611966.94     
   318672400084244.94      ;   167948967611966.94     
   319150887171458.50      ;   167948967611966.94     
   319629374258672.12      ;   167948967611966.94     
   320107861345885.69      ;   167948967611966.94     
   320586348433099.25      ;   167948967611966.94     
   321064835520312.88      ;   167948967611966.94     
   321543322607526.44      ;   167948967611966.94     
   322021809694740.00      ;   167948967611966.94     
   322500296781953.56      ;   167948967611966.94     
   322978783869167.19      ;   167948967611966.94     
   323457270956380.75      ;   167948967611966.94     
   323935758043594.31      ;   167948967611966.94     
   324414245130807.94      ;   167948967611966.94     
   324892732218021.50      ;   167948967611966.94     
   325371219305235.06      ;   167948967611966.94     
   325849706392448.69      ;   167948967611966.94     
   326328193479662.25      ;   167948967611966.94     
   326806680566875.81      ;   167948967611966.94     
   327285167654089.38      ;   167948967611966.94     
   327763654741303.00      ;   167948967611966.94     
   328242141828516.56      ;   167948967611966.94     
   328720628915730.12      ;   167948967611966.94     
   329199116002943.75      ;   167948967611966.94     
   329677603090157.31      ;   167948967611966.94     
   330156090177370.88      ;   167948967611966.94     
   330634577264584.44      ;   167948967611966.94     
   331113064351798.06      ;   167948967611966.94     
   331591551439011.62      ;   167948967611966.94     
   332070038526225.19      ;   167948967611966.94     
   332548525613438.81      ;   167948967611966.94     
   333027012700652.38      ;   167948967611966.94     
   333505499787865.94      ;   167948967611966.94     
   333983986875079.56      ;   167948967611966.94     
   334462473962293.12      ;   167948967611966.94     
   334940961049506.69      ;   167948967611966.94     
   335419448136720.25      ;   167948967611966.94     
   335897935223933.88      ;   167948967611966.94     
   336376422311147.44      ;   167948967611966.94     
   336854909398361.00      ;   167948967611966.94     
   337333396485574.62      ;   167948967611966.94     
   337811883572788.19      ;   167948967611966.94     
   338290370660001.75      ;   167948967611966.94     
   338768857747215.31      ;   167948967611966.94     
   339247344834428.94      ;   167948967611966.94     
   339725831921642.50      ;   167948967611966.94     
   340204319008856.06      ;   167948967611966.94     
   340682806096069.69      ;   167948967611966.94     
   341161293183283.25      ;   167948967611966.94     
   341639780270496.81      ;   167948967611966.94     
   342118267357710.44      ;   167948967611966.94     
   342596754444924.00      ;   167948967611966.94     
   343075241532137.56      ;   167948967611966.94     
   343553728619351.12      ;   167948967611966.94     
   344032215706564.75      ;   167948967611966.94     
   344510702793778.31      ;   167948967611966.94     
   344989189880991.88      ;   167948967611966.94     
   345467676968205.50      ;   167948967611966.94     
   345946164055419.06      ;   167948967611966.94     
   346424651142632.62      ;   167948967611966.94     
   346903138229846.25      ;   167948967611966.94     
   347381625317059.81      ;   167948967611966.94     
   347860112404273.38      ;   167948967611966.94     
   348338599491486.94      ;   167948967611966.94     
   348817086578700.56      ;   167948967611966.94     
   349295573665914.12      ;   167948967611966.94     
   349774060753127.69      ;   167948967611966.94     
   350252547840341.31      ;   167948967611966.94     
   350731034927554.88      ;   167948967611966.94     
   351209522014768.44      ;   167948967611966.94     
   351688009101982.00      ;   167948967611966.94     
   352166496189195.62      ;   167948967611966.94     
   352644983276409.19      ;   167948967611966.94     
   353123470363622.75      ;   167948967611966.94     
   353601957450836.38      ;   167948967611966.94     
   354080444538049.94      ;   167948967611966.94     
   354558931625263.50      ;   167948967611966.94     
   355037418712477.12      ;   167948967611966.94     
   355515905799690.69      ;   167948967611966.94     
   355994392886904.25      ;   167948967611966.94     
   356472879974117.81      ;   167948967611966.94     
   356951367061331.44      ;   167948967611966.94     
   357429854148545.00      ;   167948967611966.94     
   357908341235758.56      ;   167948967611966.94     
   358386828322972.19      ;   167948967611966.94     
   358865315410185.75      ;   167948967611966.94     
   359343802497399.31      ;   167948967611966.94     
   359822289584612.94      ;   167948967611966.94     
   360300776671826.50      ;   167948967611966.94     
   360779263759040.06      ;   167948967611966.94     
   361257750846253.62      ;   167948967611966.94     
   361736237933467.25      ;   167948967611966.94     
   362214725020680.81      ;   167948967611966.94     
   362693212107894.38      ;   167948967611966.94     
   363171699195108.00      ;   167948967611966.94     
   363650186282321.56      ;   167948967611966.94     
   364128673369535.12      ;   167948967611966.94     
   364607160456748.69      ;   167948967611966.94     
   365085647543962.31      ;   167948967611966.94     
   365564134631175.88      ;   167948967611966.94     
   366042621718389.44      ;   167948967611966.94     
   366521108805603.06      ;   167948967611966.94     
   366999595892816.62      ;   167948967611966.94     
   367478082980030.19      ;   167948967611966.94     
   367956570067243.81      ;   167948967611966.94     
   368435057154457.38      ;   167948967611966.94     
   368913544241670.94      ;   167948967611966.94     
   369392031328884.50      ;   167948967611966.94     
   369870518416098.12      ;   167948967611966.94     
   370349005503311.69      ;   167948967611966.94     
   370827492590525.25      ;   167948967611966.94     
   371305979677738.88      ;   167948967611966.94     
   371784466764952.44      ;   167948967611966.94     
   372262953852166.00      ;   167948967611966.94     
   372741440939379.62      ;   167948967611966.94     
   373219928026593.19      ;   167948967611966.94     
   373698415113806.75      ;   167948967611966.94     
   374176902201020.31      ;   167948967611966.94     
   374655389288233.94      ;   167948967611966.94     
   375133876375447.50      ;   167948967611966.94     
   375612363462661.06      ;   167948967611966.94     
   376090850549874.69      ;   167948967611966.94     
   376569337637088.25      ;   167948967611966.94     
   377047824724301.81      ;   167948967611966.94     
   377526311811515.38      ;   167948967611966.94     
   378004798898729.00      ;   167948967611966.94     
   378483285985942.56      ;   167948967611966.94     
   378961773073156.12      ;   167948967611966.94     
   379440260160369.75      ;   167948967611966.94     
   379918747247583.31      ;   167948967611966.94     
   380397234334796.88      ;   167948967611966.94     
   380875721422010.50      ;   167948967611966.94     
   381354208509224.06      ;   167948967611966.94     
   381832695596437.62      ;   167948967611966.94     
   382311182683651.19      ;   167948967611966.94     
   382789669770864.81      ;   167948967611966.94     
   383268156858078.38      ;   167948967611966.94     
   383746643945291.94      ;   167948967611966.94     
   384225131032505.56      ;   167948967611966.94     
   384703618119719.12      ;   167948967611966.94     
   385182105206932.69      ;   167948967611966.94     
   385660592294146.25      ;   167948967611966.94     
   386139079381359.88      ;   167948967611966.94     
   386617566468573.44      ;   167948967611966.94     
   387096053555787.00      ;   167948967611966.94     
   387574540643000.62      ;   167948967611966.94     
   388053027730214.19      ;   167948967611966.94     
   388531514817427.75      ;   167948967611966.94     
   389010001904641.38      ;   167948967611966.94     
   389488488991854.94      ;   167948967611966.94     
   389966976079068.50      ;   167948967611966.94     
   390445463166282.06      ;   167948967611966.94     
   390923950253495.69      ;   167948967611966.94     
   391402437340709.25      ;   167948967611966.94     
   391880924427922.81      ;   167948967611966.94     
   392359411515136.44      ;   167948967611966.94     
   392837898602350.00      ;   167948967611966.94     
   393316385689563.56      ;   167948967611966.94     
   393794872776777.19      ;   167948967611966.94     
   394273359863990.75      ;   167948967611966.94     
   394751846951204.31      ;   167948967611966.94     
   395230334038417.88      ;   167948967611966.94     
   395708821125631.50      ;   167948967611966.94     
   396187308212845.06      ;   167948967611966.94     
   396665795300058.62      ;   167948967611966.94     
   397144282387272.25      ;   167948967611966.94     
   397622769474485.81      ;   167948967611966.94     
   398101256561699.38      ;   167948967611966.94     
   398579743648912.94      ;   167948967611966.94     
   399058230736126.56      ;   167948967611966.94     
   399536717823340.12      ;   167948967611966.94     
   400015204910553.69      ;   167948967611966.94     
   400493691997767.31      ;   167948967611966.94     
   400972179084980.88      ;   167948967611966.94     
   401450666172194.44      ;   167948967611966.94     
   401929153259408.06      ;   167948967611966.94     
   402407640346621.62      ;   167948967611966.94     
   402886127433835.19      ;   167948967611966.94     
   403364614521048.75      ;   167948967611966.94     
   403843101608262.38      ;   167948967611966.94     
   404321588695475.94      ;   167948967611966.94     
   404800075782689.50      ;   167948967611966.94     
   405278562869903.12      ;   167948967611966.94     
   405757049957116.69      ;   167948967611966.94     
   406235537044330.25      ;   167948967611966.94     
   406714024131543.88      ;   167948967611966.94     
   407192511218757.44      ;   167948967611966.94     
   407670998305971.00      ;   167948967611966.94     
   408149485393184.56      ;   167948967611966.94     
   408627972480398.19      ;   167948967611966.94     
   409106459567611.75      ;   167948967611966.94     
   409584946654825.31      ;   167948967611966.94     
   410063433742038.94      ;   167948967611966.94     
   410541920829252.50      ;   167948967611966.94     
   411020407916466.06      ;   167948967611966.94     
   411498895003679.62      ;   167948967611966.94     
   411977382090893.25      ;   167948967611966.94     
   412455869178106.81      ;   167948967611966.94     
   412934356265320.38      ;   167948967611966.94     
   413412843352534.00      ;   167948967611966.94     
   413891330439747.56      ;   167948967611966.94     
   414369817526961.12      ;   167948967611966.94     
   414848304614174.75      ;   167948967611966.94     
   415326791701388.31      ;   167948967611966.94     
   415805278788601.88      ;   167948967611966.94     
   416283765875815.44      ;   167948967611966.94     
   416762252963029.06      ;   167948967611966.94     
   417240740050242.62      ;   167948967611966.94     
   417719227137456.19      ;   167948967611966.94     
   418197714224669.81      ;   167948967611966.94     
   418676201311883.38      ;   167948967611966.94     
   419154688399096.94      ;   167948967611966.94     
   419633175486310.56      ;   167948967611966.94     
   420111662573524.12      ;   167948967611966.94     
   420590149660737.69      ;   167948967611966.94     
   421068636747951.25      ;   167948967611966.94     
   421547123835164.88      ;   167948967611966.94     
   422025610922378.44      ;   167948967611966.94     
   422504098009592.00      ;   167948967611966.94     
   422982585096805.62      ;   167948967611966.94     
   423461072184019.19      ;   167948967611966.94     
   423939559271232.75      ;   167948967611966.94     
   424418046358446.31      ;   167948967611966.94     
   424896533445659.94      ;   167948967611966.94     
   425375020532873.50      ;   167948967611966.94     
   425853507620087.06      ;   167948967611966.94     
   426331994707300.69      ;   167948967611966.94     
   426810481794514.25      ;   167948967611966.94     
   427288968881727.81      ;   167948967611966.94     
   427767455968941.44      ;   167948967611966.94     
   428245943056155.00      ;   167948967611966.94     
   428724430143368.56      ;   167948967611966.94     
   429202917230582.12      ;   167948967611966.94     
   429681404317795.75      ;   167948967611966.94     
   430159891405009.31      ;   167948967611966.94     
   430638378492222.88      ;   167948967611966.94     
   431116865579436.50      ;   167948967611966.94     
   431595352666650.06      ;   167948967611966.94     
   432073839753863.62      ;   167948967611966.94     
   432552326841077.19      ;   167948967611966.94     
   433030813928290.81      ;   167948967611966.94     
   433509301015504.38      ;   167948967611966.94     
   433987788102717.94      ;   167948967611966.94     
   434466275189931.56      ;   167948967611966.94     
   434944762277145.12      ;   167948967611966.94     
   435423249364358.69      ;   167948967611966.94     
   435901736451572.31      ;   167948967611966.94     
   436380223538785.88      ;   167948967611966.94     
   436858710625999.44      ;   167948967611966.94     
   437337197713213.00      ;   167948967611966.94     
   437815684800426.62      ;   167948967611966.94     
   438294171887640.19      ;   167948967611966.94     
   438772658974853.75      ;   167948967611966.94     
   439251146062067.38      ;   167948967611966.94     
   439729633149280.94      ;   167948967611966.94     
   440208120236494.50      ;   167948967611966.94     
   440686607323708.12      ;   167948967611966.94     
   441165094410921.69      ;   167948967611966.94     
   441643581498135.25      ;   167948967611966.94     
   442122068585348.81      ;   167948967611966.94     
   442600555672562.44      ;   167948967611966.94     
   443079042759776.00      ;   167948967611966.94     
   443557529846989.56      ;   167948967611966.94     
   444036016934203.19      ;   167948967611966.94     
   444514504021416.75      ;   167948967611966.94     
   444992991108630.31      ;   167948967611966.94     
   445471478195843.88      ;   167948967611966.94     
   445949965283057.50      ;   167948967611966.94     
   446428452370271.06      ;   167948967611966.94     
   446906939457484.62      ;   167948967611966.94     
   447385426544698.25      ;   167948967611966.94     
   447863913631911.81      ;   167948967611966.94     
   448342400719125.38      ;   167948967611966.94     
   448820887806339.00      ;   167948967611966.94     
   449299374893552.56      ;   167948967611966.94     
   449777861980766.12      ;   167948967611966.94     
   450256349067979.69      ;   167948967611966.94     
   450734836155193.31      ;   167948967611966.94     
   451213323242406.88      ;   167948967611966.94     
   451691810329620.44      ;   167948967611966.94     
   452170297416834.06      ;   167948967611966.94     
   452648784504047.62      ;   167948967611966.94     
   453127271591261.19      ;   167948967611966.94     
   453605758678474.81      ;   167948967611966.94     
   454084245765688.38      ;   167948967611966.94     
   454562732852901.94      ;   167948967611966.94     
   455041219940115.50      ;   167948967611966.94     
   455519707027329.12      ;   167948967611966.94     
   455998194114542.69      ;   167948967611966.94     
   456476681201756.25      ;   167948967611966.94     
   456955168288969.88      ;   167948967611966.94     
   457433655376183.44      ;   167948967611966.94     
   457912142463397.00      ;   167948967611966.94     
   458390629550610.56      ;   167948967611966.94     
   458869116637824.19      ;   167948967611966.94     
   459347603725037.75      ;   167948967611966.94     
   459826090812251.31      ;   167948967611966.94     
   460304577899464.94      ;   167948967611966.94     
   460783064986678.50      ;   167948967611966.94     
   461261552073892.06      ;   167948967611966.94     
   461740039161105.69      ;   167948967611966.94     
   462218526248319.25      ;   167948967611966.94     
   462697013335532.81      ;   167948967611966.94     
   463175500422746.38      ;   167948967611966.94     
   463653987509960.00      ;   167948967611966.94     
   464132474597173.56      ;   167948967611966.94     
   464610961684387.12      ;   167948967611966.94     
   465089448771600.75      ;   167948967611966.94     
   465567935858814.31      ;   167948967611966.94     
   466046422946027.88      ;   167948967611966.94     
   466524910033241.50      ;   167948967611966.94     
   467003397120455.06      ;   167948967611966.94     
   467481884207668.62      ;   167948967611966.94     
   467960371294882.19      ;   167948967611966.94     
   468438858382095.81      ;   167948967611966.94     
   468917345469309.38      ;   167948967611966.94     
   469395832556522.94      ;   167948967611966.94     
   469874319643736.56      ;   167948967611966.94     
   470352806730950.12      ;   167948967611966.94     
   470831293818163.69      ;   167948967611966.94     
   471309780905377.25      ;   167948967611966.94     
   471788267992590.88      ;   167948967611966.94     
   472266755079804.44      ;   167948967611966.94     
   472745242167018.00      ;   167948967611966.94     
   473223729254231.62      ;   167948967611966.94     
   473702216341445.19      ;   167948967611966.94     
   474180703428658.75      ;   167948967611966.94     
   474659190515872.38      ;   167948967611966.94     
   475137677603085.94      ;   167948967611966.94     
   475616164690299.50      ;   167948967611966.94     
   476094651777513.06      ;   167948967611966.94     
   476573138864726.69      ;   167948967611966.94     
   477051625951940.25      ;   167948967611966.94     
   477530113039153.81      ;   167948967611966.94     
   478008600126367.44      ;   167948967611966.94     
   478487087213581.00      ;   167948967611966.94     
   478965574300794.56      ;   167948967611966.94     
   479444061388008.12      ;   167948967611966.94     
   479922548475221.75      ;   167948967611966.94     
   480401035562435.31      ;   167948967611966.94     
   480879522649648.88      ;   167948967611966.94     
   481358009736862.50      ;   167948967611966.94     
   481836496824076.06      ;   167948967611966.94     
   482314983911289.62      ;   167948967611966.94     
   482793470998503.25      ;   167948967611966.94     
   483271958085716.81      ;   167948967611966.94     
   483750445172930.38      ;   167948967611966.94     
   484228932260143.94      ;   167948967611966.94     
   484707419347357.56      ;   167948967611966.94     
   485185906434571.12      ;   167948967611966.94     
   485664393521784.69      ;   167948967611966.94     
   486142880608998.31      ;   167948967611966.94     
   486621367696211.88      ;   167948967611966.94     
   487099854783425.44      ;   167948967611966.94     
   487578341870639.06      ;   167948967611966.94     
   488056828957852.62      ;   167948967611966.94     
   488535316045066.19      ;   167948967611966.94     
   489013803132279.75      ;   167948967611966.94     
   489492290219493.38      ;   167948967611966.94     
   489970777306706.94      ;   167948967611966.94     
   490449264393920.50      ;   167948967611966.94     
   490927751481134.12      ;   167948967611966.94     
   491406238568347.69      ;   167948967611966.94     
   491884725655561.25      ;   167948967611966.94     
   492363212742774.81      ;   167948967611966.94     
   492841699829988.44      ;   167948967611966.94     
   493320186917202.00      ;   167948967611966.94     
   493798674004415.56      ;   167948967611966.94     
   494277161091629.19      ;   167948967611966.94     
   494755648178842.75      ;   167948967611966.94     
   495234135266056.31      ;   167948967611966.94     
   495712622353269.94      ;   167948967611966.94     
   496191109440483.50      ;   167948967611966.94     
   496669596527697.06      ;   167948967611966.94     
   497148083614910.62      ;   167948967611966.94     
   497626570702124.25      ;   167948967611966.94     
   498105057789337.81      ;   167948967611966.94     
   498583544876551.38      ;   167948967611966.94     
   499062031963765.00      ;   167948967611966.94     
   499540519050978.56      ;   167948967611966.94     
   500019006138192.12      ;   167948967611966.94     
   500497493225405.75      ;   167948967611966.94     
   500975980312619.31      ;   167948967611966.94     
   501454467399832.88      ;   167948967611966.94     
   501932954487046.44      ;   167948967611966.94     
   502411441574260.06      ;   167948967611966.94     
   502889928661473.62      ;   167948967611966.94     
   503368415748687.19      ;   167948967611966.94     
   503846902835900.81      ;   167948967611966.94     
   504325389923114.38      ;   167948967611966.94     
   504803877010327.94      ;   167948967611966.94     
   505282364097541.50      ;   167948967611966.94     
   505760851184755.12      ;   167948967611966.94     
   506239338271968.69      ;   167948967611966.94     
   506717825359182.25      ;   167948967611966.94     
   507196312446395.88      ;   167948967611966.94     
   507674799533609.44      ;   167948967611966.94     
   508153286620823.00      ;   167948967611966.94     
   508631773708036.62      ;   167948967611966.94     
   509110260795250.19      ;   167948967611966.94     
   509588747882463.75      ;   167948967611966.94     
   510067234969677.31      ;   167948967611966.94     
   510545722056890.94      ;   167948967611966.94     
   511024209144104.50      ;   167948967611966.94     
   511502696231318.06      ;   167948967611966.94     
   511981183318531.69      ;   167948967611966.94     
   512459670405745.25      ;   167948967611966.94     
   512938157492958.81      ;   167948967611966.94     
   513416644580172.38      ;   167948967611966.94     
   513895131667386.00      ;   167948967611966.94     
   514373618754599.56      ;   167948967611966.94     
   514852105841813.12      ;   167948967611966.94     
   515330592929026.75      ;   167948967611966.94     
   515809080016240.31      ;   167948967611966.94     
   516287567103453.88      ;   167948967611966.94     
   516766054190667.50      ;   167948967611966.94     
   517244541277881.06      ;   167948967611966.94     
   517723028365094.62      ;   167948967611966.94     
   518201515452308.19      ;   167948967611966.94     
   518680002539521.81      ;   167948967611966.94     
   519158489626735.38      ;   167948967611966.94     
   519636976713948.94      ;   167948967611966.94     
   520115463801162.56      ;   167948967611966.94     
   520593950888376.12      ;   167948967611966.94     
   521072437975589.69      ;   167948967611966.94     
   521550925062803.31      ;   167948967611966.94     
   522029412150016.88      ;   167948967611966.94     
   522507899237230.44      ;   167948967611966.94     
   522986386324444.00      ;   167948967611966.94     
   523464873411657.62      ;   167948967611966.94     
   523943360498871.19      ;   167948967611966.94     
   524421847586084.75      ;   167948967611966.94     
   524900334673298.38      ;   167948967611966.94     
   525378821760511.94      ;   167948967611966.94     
   525857308847725.50      ;   167948967611966.94     
   526335795934939.06      ;   167948967611966.94     
   526814283022152.69      ;   167948967611966.94     
   527292770109366.25      ;   167948967611966.94     
   527771257196579.81      ;   167948967611966.94     
   528249744283793.44      ;   167948967611966.94     
   528728231371007.00      ;   167948967611966.94     
   529206718458220.56      ;   167948967611966.94     
   529685205545434.19      ;   167948967611966.94     
   530163692632647.75      ;   167948967611966.94     
   530642179719861.31      ;   167948967611966.94     
   531120666807074.88      ;   167948967611966.94     
   531599153894288.50      ;   167948967611966.94     
   532077640981502.06      ;   167948967611966.94     
   532556128068715.62      ;   167948967611966.94     
   533034615155929.25      ;   167948967611966.94     
   533513102243142.81      ;   167948967611966.94     
   533991589330356.38      ;   167948967611966.94     
   534470076417570.00      ;   167948967611966.94     
   534948563504783.56      ;   167948967611966.94     
   535427050591997.12      ;   167948967611966.94     
   535905537679210.69      ;   167948967611966.94     
   536384024766424.31      ;   167948967611966.94     
   536862511853637.88      ;   167948967611966.94     
   537340998940851.44      ;   167948967611966.94     
   537819486028065.06      ;   167948967611966.94     
   538297973115278.62      ;   167948967611966.94     
   538776460202492.19      ;   167948967611966.94     
   539254947289705.75      ;   167948967611966.94     
   539733434376919.38      ;   167948967611966.94     
   540211921464132.94      ;   167948967611966.94     
   540690408551346.50      ;   167948967611966.94     
   541168895638560.12      ;   167948967611966.94     
   541647382725773.69      ;   167948967611966.94     
   542125869812987.25      ;   167948967611966.94     
   542604356900200.88      ;   167948967611966.94     
   543082843987414.44      ;   167948967611966.94     
   543561331074628.00      ;   167948967611966.94     
   544039818161841.56      ;   167948967611966.94     
   544518305249055.19      ;   167948967611966.94     
   544996792336268.75      ;   167948967611966.94     
   545475279423482.31      ;   167948967611966.94     
   545953766510695.94      ;   167948967611966.94     
   546432253597909.50      ;   167948967611966.94     
   546910740685123.06      ;   167948967611966.94     
   547389227772336.69      ;   167948967611966.94     
   547867714859550.25      ;   167948967611966.94     
   548346201946763.81      ;   167948967611966.94     
   548824689033977.38      ;   167948967611966.94     
   549303176121191.00      ;   167948967611966.94     
   549781663208404.56      ;   167948967611966.94     
   550260150295618.12      ;   167948967611966.94     
   550738637382831.75      ;   167948967611966.94     
   551217124470045.31      ;   167948967611966.94     
   551695611557258.88      ;   167948967611966.94     
   552174098644472.44      ;   167948967611966.94     
   552652585731686.06      ;   167948967611966.94     
   553131072818899.62      ;   167948967611966.94     
   553609559906113.19      ;   167948967611966.94     
   554088046993326.81      ;   167948967611966.94     
   554566534080540.38      ;   167948967611966.94     
   555045021167753.94      ;   167948967611966.94     
   555523508254967.56      ;   167948967611966.94     
   556001995342181.12      ;   167948967611966.94     
   556480482429394.69      ;   167948967611966.94     
   556958969516608.25      ;   167948967611966.94     
   557437456603821.88      ;   167948967611966.94     
